4.741111899013291442e+00 5.899941859675200462e+00 0.000000000000000000e+00
7.798753532732748184e+00 8.916859805474489420e+00 0.000000000000000000e+00
7.189229574383131371e+00 4.503137991199068324e+00 0.000000000000000000e+00
3.105736330176658289e+00 3.785529836019593475e+00 0.000000000000000000e+00
5.881334647607889821e+00 4.383530474806994093e+00 0.000000000000000000e+00
3.019360627000406971e+00 1.007618631271507326e+01 0.000000000000000000e+00
3.926131352725424239e+00 4.012016198996034788e+00 0.000000000000000000e+00
3.041403687701022207e+00 4.939861480739174304e+00 0.000000000000000000e+00
4.034019368067385258e+00 8.089480475407992088e+00 0.000000000000000000e+00
5.329923510495539141e+00 6.016049417976297775e+00 0.000000000000000000e+00
5.561521186341956913e+00 5.721816335778503237e+00 0.000000000000000000e+00
3.543746047981716440e+00 4.241674576495110038e+00 0.000000000000000000e+00
4.602520125858626798e+00 5.579998800954821370e+00 0.000000000000000000e+00
5.133928779408945431e+00 3.888093524011800639e+00 0.000000000000000000e+00
6.527321332507536766e+00 5.727042653987785670e+00 0.000000000000000000e+00
4.478458452479798346e+00 9.967993616921717148e+00 0.000000000000000000e+00
8.329697049557740485e+00 6.200459222481100596e+00 0.000000000000000000e+00
3.341246107890361472e+00 8.417808903182365299e+00 0.000000000000000000e+00
3.107557662401144505e+00 4.498752152806659410e+00 0.000000000000000000e+00
3.999982641376048864e+00 6.964454412034267961e+00 0.000000000000000000e+00
4.557505171591805571e+00 7.371074298707157801e+00 0.000000000000000000e+00
7.321987147096874260e+00 9.078530046488175742e+00 0.000000000000000000e+00
1.390058413230411460e+00 5.403071900486376755e+00 0.000000000000000000e+00
2.912865279166914512e+00 6.085305115806580289e+00 0.000000000000000000e+00
5.474434212591652305e+00 6.155973275445552950e+00 0.000000000000000000e+00
2.221069941441566442e+00 5.322311022782555412e+00 0.000000000000000000e+00
4.668045200042575615e+00 5.867570175695743018e+00 0.000000000000000000e+00
3.229122401897397410e+00 8.273315463413869253e+00 0.000000000000000000e+00
5.128637140378270232e+00 6.904070570505098203e+00 0.000000000000000000e+00
3.615685355881451457e+00 2.694867862513272261e+00 0.000000000000000000e+00
4.745661866502079995e+00 5.764682244556807333e+00 0.000000000000000000e+00
4.070366942497443574e+00 6.579725193194063237e+00 0.000000000000000000e+00
7.628264467382115832e+00 6.082255244403458327e+00 0.000000000000000000e+00
5.205096525848696309e+00 3.440275216744248965e+00 0.000000000000000000e+00
3.067654453755683797e+00 7.307532530738897414e+00 0.000000000000000000e+00
5.161661500816989268e+00 7.498122659376267762e+00 0.000000000000000000e+00
4.678442904113342848e+00 6.118236035958479313e+00 0.000000000000000000e+00
5.953864846450934500e+00 8.817660707861612934e+00 0.000000000000000000e+00
8.729244210325962428e+00 5.837371683719488225e+00 0.000000000000000000e+00
2.763883118830547048e+00 2.383928310027192854e+00 0.000000000000000000e+00
4.336929292273240755e+00 5.862683637332150255e+00 0.000000000000000000e+00
2.533447626034197597e+00 8.219671336042253529e+00 0.000000000000000000e+00
4.718233306437552343e+00 3.537938962484726169e+00 0.000000000000000000e+00
1.568673396954556765e+00 8.165740945046220389e+00 0.000000000000000000e+00
4.821574597949020102e+00 6.623977784255803414e+00 0.000000000000000000e+00
3.320935138463392278e+00 7.006995957927821372e+00 0.000000000000000000e+00
3.636861155731372364e+00 8.501498962725552389e+00 0.000000000000000000e+00
7.090577602128528056e+00 7.850875805790044737e+00 0.000000000000000000e+00
3.323414529269722362e+00 5.613872822397713236e+00 0.000000000000000000e+00
1.913133099194301412e+00 1.832418700143250589e+00 0.000000000000000000e+00
1.934490248697968262e+00 6.686554642721499242e+00 0.000000000000000000e+00
6.015027569409777897e+00 6.770159572587150620e+00 0.000000000000000000e+00
4.540750652992440628e+00 1.059737663275848263e+01 0.000000000000000000e+00
7.362656083588094980e-01 6.783669726328469096e+00 0.000000000000000000e+00
5.279034296800460879e+00 4.962525838943944834e+00 0.000000000000000000e+00
4.578029061392133947e+00 5.003746512764003285e+00 0.000000000000000000e+00
5.604445605638349370e+00 4.949086170628834935e+00 0.000000000000000000e+00
4.491124304544491075e+00 5.080836014394594535e+00 0.000000000000000000e+00
5.242288124032001839e+00 4.348170616467863070e+00 0.000000000000000000e+00
-5.353918014407925696e-01 3.380286346017295607e+00 0.000000000000000000e+00
5.816360784397845762e+00 6.768920372041380418e+00 0.000000000000000000e+00
4.575415776116034117e+00 6.753678751463657370e+00 0.000000000000000000e+00
2.578834669914223721e+00 8.245279880324343225e+00 0.000000000000000000e+00
2.662796391568154508e+00 4.232815305220172242e+00 0.000000000000000000e+00
2.027633339971573800e+00 2.861483143394553785e+00 0.000000000000000000e+00
4.203473036578611044e+00 5.114107088336199425e+00 0.000000000000000000e+00
5.886397084495538223e+00 7.052148391419398976e+00 0.000000000000000000e+00
4.325881391906508000e+00 7.813586666468132158e+00 0.000000000000000000e+00
6.636237835305569099e+00 7.504979011733857952e+00 0.000000000000000000e+00
3.114523286727556517e+00 6.224959770231514256e+00 0.000000000000000000e+00
6.523041589853414202e+00 5.552275269322239026e+00 0.000000000000000000e+00
6.750419615241466609e+00 2.296462944387051230e+00 0.000000000000000000e+00
-1.832303716966249496e+00 7.726462695430827310e+00 0.000000000000000000e+00
8.122690399971901343e-01 5.237094449061472368e+00 0.000000000000000000e+00
2.761965467546295017e+00 7.240200997216162726e+00 0.000000000000000000e+00
2.930336813742809632e+00 6.006507596988769571e+00 0.000000000000000000e+00
4.405887933128111555e+00 2.319651126537962682e+00 0.000000000000000000e+00
2.914993333986031665e+00 6.753095818272864648e+00 0.000000000000000000e+00
2.012085039148698407e+00 5.512320940007927383e+00 0.000000000000000000e+00
9.025712490849904235e-01 5.204218405892240717e+00 0.000000000000000000e+00
6.232500373186878662e+00 7.668317139873335186e+00 0.000000000000000000e+00
4.832850510141148526e+00 3.768756712503496864e+00 0.000000000000000000e+00
3.778028679746073148e+00 7.345272184640673885e+00 0.000000000000000000e+00
3.570652879263378932e+00 6.884561789508110152e+00 0.000000000000000000e+00
-3.306403495091585931e+00 7.460182349276868408e+00 0.000000000000000000e+00
1.276102168378849377e+00 2.468611348951726736e+00 0.000000000000000000e+00
3.350832848150947729e+00 7.376534141684637724e+00 0.000000000000000000e+00
4.648145664004481148e+00 4.442263731250978509e+00 0.000000000000000000e+00
3.294876366142059698e+00 5.440522292133811888e+00 0.000000000000000000e+00
5.055863327635798932e+00 8.044133191400939964e+00 0.000000000000000000e+00
1.624990182095116698e+00 6.538159517399260601e+00 0.000000000000000000e+00
4.807744041507810095e+00 6.914694855995755063e+00 0.000000000000000000e+00
2.524991151357003361e+00 7.121422059927142278e+00 0.000000000000000000e+00
6.584487898279276941e+00 5.398909946300299190e+00 0.000000000000000000e+00
3.361360590612400667e+00 7.106481751554209580e+00 0.000000000000000000e+00
2.291461249948135492e+00 7.348594373550736414e+00 0.000000000000000000e+00
6.017135202799933857e+00 4.742008001413857698e+00 0.000000000000000000e+00
6.172042335110837108e+00 9.208863657617410325e+00 0.000000000000000000e+00
3.679180955000099562e+00 6.983680639103963195e+00 0.000000000000000000e+00
2.162985682089169970e+00 5.414941744519058631e+00 0.000000000000000000e+00
6.046804836460385246e+00 5.241523872159147501e+00 0.000000000000000000e+00
4.263447099725695466e+00 8.669974351873127816e+00 0.000000000000000000e+00
2.453611430298864526e+00 4.066849213910309402e+00 0.000000000000000000e+00
2.818828736851599626e+00 7.306830273397029174e+00 0.000000000000000000e+00
5.887404848952852987e+00 5.807026766382050731e+00 0.000000000000000000e+00
7.290535286847585006e+00 6.587700119472905236e+00 0.000000000000000000e+00
4.561390735770509686e+00 3.599319057320610415e+00 0.000000000000000000e+00
5.241543109687992974e+00 6.426700275302841270e+00 0.000000000000000000e+00
4.983298603167839680e+00 6.532642364632851084e+00 0.000000000000000000e+00
3.017209529431034376e+00 4.505457495575286408e+00 0.000000000000000000e+00
4.555304502213032514e+00 9.813836887027779454e+00 0.000000000000000000e+00
3.784640437838469040e+00 4.494101866592772332e+00 0.000000000000000000e+00
3.892480871857593172e+00 3.619614956422740448e+00 0.000000000000000000e+00
1.985660976365340780e+00 6.658505477295117991e+00 0.000000000000000000e+00
2.069132828439101957e+00 7.604327043073364933e+00 0.000000000000000000e+00
3.305943859490231951e+00 7.734728302065228434e+00 0.000000000000000000e+00
3.659328528731315533e+00 4.822407349184064884e+00 0.000000000000000000e+00
5.820095623332638191e+00 5.203019939548877204e+00 0.000000000000000000e+00
8.455404608982476589e+00 9.247128345967782437e+00 0.000000000000000000e+00
7.048090784570797851e+00 5.863713441349118760e+00 0.000000000000000000e+00
6.343002747144804054e+00 2.397928622533768372e+00 0.000000000000000000e+00
4.146255256992344762e+00 5.458217685234978411e+00 0.000000000000000000e+00
4.284034131881239382e+00 6.976180364544262602e+00 0.000000000000000000e+00
5.099644392804250081e+00 6.673602399003407903e+00 0.000000000000000000e+00
3.087295524411974412e+00 5.404553586126048970e+00 0.000000000000000000e+00
4.504176918293069320e+00 6.957468780385943852e+00 0.000000000000000000e+00
3.898191820596269785e+00 6.282903780184337705e+00 0.000000000000000000e+00
8.222351404216173165e+00 6.104064795986428038e+00 0.000000000000000000e+00
3.330396159473816731e+00 5.759079124662725313e+00 0.000000000000000000e+00
3.402661017317806458e+00 9.386512468269398113e+00 0.000000000000000000e+00
3.848198185694862605e+00 7.183150247222210183e+00 0.000000000000000000e+00
5.511529501103884954e+00 4.484298132633405487e+00 0.000000000000000000e+00
4.853547640963748577e+00 4.186779000937224993e+00 0.000000000000000000e+00
4.013516947933220003e+00 4.339388162339309574e+00 0.000000000000000000e+00
4.311193284035322648e+00 3.444357425191336475e+00 0.000000000000000000e+00
6.938073759175214406e+00 4.798484552469759912e+00 0.000000000000000000e+00
5.897543495353337661e+00 4.838905988427463001e+00 0.000000000000000000e+00
5.088475491216335911e+00 5.375357197919123919e+00 0.000000000000000000e+00
2.140848020933518114e+00 8.434493008205585340e+00 0.000000000000000000e+00
2.710119233880720291e+00 5.360753970867515150e+00 0.000000000000000000e+00
1.338001454871244000e+00 3.277256642886473781e+00 0.000000000000000000e+00
7.598106431752917445e+00 6.476530115207030924e+00 0.000000000000000000e+00
4.003923676441376145e+00 5.752300112886997496e+00 0.000000000000000000e+00
3.942089496443342167e+00 3.082625531300723587e+00 0.000000000000000000e+00
6.056934318541511431e+00 8.194458465144567327e+00 0.000000000000000000e+00
2.171599964117683079e+00 4.716296146534221911e+00 0.000000000000000000e+00
5.623067703681283724e-01 4.095824941774081296e+00 0.000000000000000000e+00
5.016076148573703541e+00 6.520025924167940801e+00 0.000000000000000000e+00
6.125043708143596888e+00 5.132323159734520246e+00 0.000000000000000000e+00
4.307768889591906181e+00 5.296963634972076562e+00 0.000000000000000000e+00
2.451401798874669247e+00 7.054176120847001741e+00 0.000000000000000000e+00
5.954857770334269773e+00 4.788048087639065642e+00 0.000000000000000000e+00
3.679791121745744853e+00 5.880977902568583993e+00 0.000000000000000000e+00
5.400838787817438202e+00 6.755330709745570594e+00 0.000000000000000000e+00
2.542015178669543296e+00 4.877694641468033332e+00 0.000000000000000000e+00
2.596831473633523846e+00 3.116210866358782638e+00 0.000000000000000000e+00
6.863917671292997902e+00 6.889032588527654433e+00 0.000000000000000000e+00
5.484001210657957870e+00 4.227127115837141957e+00 0.000000000000000000e+00
4.468377594268628350e+00 4.795463784359451864e+00 0.000000000000000000e+00
3.418383420588862798e+00 3.411964264789505652e+00 0.000000000000000000e+00
4.660664809277623277e+00 1.162108069947716515e+01 0.000000000000000000e+00
3.804476377787919805e+00 2.597221060270878290e+00 0.000000000000000000e+00
2.933351680573739628e+00 6.976959083121281324e+00 0.000000000000000000e+00
1.539250677689389502e+00 6.263806405035714953e+00 0.000000000000000000e+00
5.162179293533738722e+00 8.505300465843575353e+00 0.000000000000000000e+00
2.733756180581562667e+00 2.797823741343586690e+00 0.000000000000000000e+00
2.670560194867040771e+00 5.585844058375146304e+00 0.000000000000000000e+00
2.024962366160483640e+00 5.336099275986706303e+00 0.000000000000000000e+00
2.602012630750226041e+00 6.345286193563141275e+00 0.000000000000000000e+00
2.957565322942716790e+00 5.963745698815254848e+00 0.000000000000000000e+00
4.736934276329453297e+00 6.119702055205060276e+00 0.000000000000000000e+00
2.876484982549510683e+00 6.742596554476787851e+00 0.000000000000000000e+00
1.127765298122256343e+00 6.756846761971949888e+00 0.000000000000000000e+00
2.870145711730514027e+00 9.738351021492110959e+00 0.000000000000000000e+00
3.882408754483552826e+00 6.952372387717169033e+00 0.000000000000000000e+00
5.072552852049121874e+00 6.074612388095061100e+00 0.000000000000000000e+00
1.080217007142114660e+00 6.554285613913779507e+00 0.000000000000000000e+00
1.419414446750282277e+00 4.106260677679625104e+00 0.000000000000000000e+00
6.491094628938009592e+00 6.546866312187114900e+00 0.000000000000000000e+00
6.435600250724333726e+00 1.074860574028736337e+01 0.000000000000000000e+00
1.779906540574117901e+00 3.784750120164688703e+00 0.000000000000000000e+00
4.297272789428723705e+00 4.974624655070734036e+00 0.000000000000000000e+00
3.260197089504418333e+00 5.897131403916795023e+00 0.000000000000000000e+00
2.342843898984528828e+00 8.611104798713890673e+00 0.000000000000000000e+00
4.393570475469459780e+00 3.913801513616880445e+00 0.000000000000000000e+00
2.999417163696981081e+00 5.707446260973674690e+00 0.000000000000000000e+00
1.964127257385748226e+00 5.729492249659358549e+00 0.000000000000000000e+00
2.524403225026668807e+00 6.597619162234079404e+00 0.000000000000000000e+00
4.336173144311885608e+00 5.200968201004560143e+00 0.000000000000000000e+00
2.731154166093704205e+00 1.049857543967117834e+01 0.000000000000000000e+00
2.510485080066819918e+00 5.765831893632802796e+00 0.000000000000000000e+00
2.741702175628968341e+00 6.202819662753315200e+00 0.000000000000000000e+00
6.277789521353593472e+00 6.550993255350512356e+00 0.000000000000000000e+00
1.246706538171294731e+00 5.438369493713691938e+00 0.000000000000000000e+00
6.002171510899175999e+00 6.868683562910955054e+00 0.000000000000000000e+00
7.440652590046372694e-01 7.671895609698406560e+00 0.000000000000000000e+00
2.188436450854330140e+00 1.009427190463551582e+01 0.000000000000000000e+00
1.117243736045229419e+00 7.267349991107730389e+00 0.000000000000000000e+00
4.371133366451184443e+00 6.244723240388527330e+00 0.000000000000000000e+00
4.183789032871968239e+00 7.508604345610196518e+00 0.000000000000000000e+00
5.570444001807922874e+00 8.748129574060282465e+00 0.000000000000000000e+00
3.740655600769771993e+00 5.288499637934799047e+00 0.000000000000000000e+00
2.550335881572576735e+00 2.310208280601786068e+00 0.000000000000000000e+00
5.483862830571206715e+00 4.830392827905896524e+00 0.000000000000000000e+00
2.540807343381583649e+00 5.130142176381847108e+00 0.000000000000000000e+00
1.466010463361085758e+00 5.205361802959287409e+00 0.000000000000000000e+00
3.073321828517277421e+00 4.740632515415292403e+00 0.000000000000000000e+00
1.945143744792819263e+00 5.547373724919918203e+00 0.000000000000000000e+00
3.077206492006025140e+00 5.123317299706423356e+00 0.000000000000000000e+00
5.932186208289456530e+00 5.589364169167303942e+00 0.000000000000000000e+00
2.047431356060321228e+00 4.189928421181903673e+00 0.000000000000000000e+00
6.719685157370443029e+00 5.452311749196082857e+00 0.000000000000000000e+00
2.611600604386675517e+00 4.122422110435476128e+00 0.000000000000000000e+00
4.967176618552315404e+00 6.327739988406460903e+00 0.000000000000000000e+00
4.588034043871212830e+00 6.510736432295567866e+00 0.000000000000000000e+00
1.884686606481063453e+00 6.037702276015271430e+00 0.000000000000000000e+00
4.116316687764205895e+00 7.362368136959825726e+00 0.000000000000000000e+00
4.109604401919397354e+00 4.305482614488435722e+00 0.000000000000000000e+00
5.803998778102915423e+00 4.016749057771787257e+00 0.000000000000000000e+00
5.988615938133801109e-01 5.919509377837840702e+00 0.000000000000000000e+00
2.974093327373900308e+00 7.276459088051645097e+00 0.000000000000000000e+00
5.669802583726226253e+00 7.118139071473741808e+00 0.000000000000000000e+00
5.003827047337308542e+00 2.287294977686346709e+00 0.000000000000000000e+00
4.382419221283896604e+00 4.088298839551137931e+00 0.000000000000000000e+00
4.601008914381369053e+00 6.610328134928324495e+00 0.000000000000000000e+00
-5.899324360536173373e-02 5.118366682287351921e+00 0.000000000000000000e+00
4.291571728761165438e+00 6.660848037683471112e+00 0.000000000000000000e+00
3.668312621479709712e+00 5.718268572677256856e+00 0.000000000000000000e+00
5.925751334086161393e+00 4.298852534550752225e+00 0.000000000000000000e+00
4.326095072231192162e+00 3.937539276730159354e+00 0.000000000000000000e+00
5.169695935517931495e+00 3.774575066325207118e+00 0.000000000000000000e+00
2.000355281888906767e+00 3.336422314329097194e+00 0.000000000000000000e+00
6.176819342652519751e-01 4.967916793491457206e+00 0.000000000000000000e+00
5.875934823023764686e+00 3.896727216491753687e+00 0.000000000000000000e+00
2.613866668771589019e+00 7.825577997877974923e+00 0.000000000000000000e+00
5.509165275757378133e+00 6.589570129840033097e+00 0.000000000000000000e+00
4.266015222333629175e+00 5.568872872628310766e+00 0.000000000000000000e+00
3.731129176277857340e+00 7.360507305244724741e+00 0.000000000000000000e+00
7.408304588606134722e+00 2.039164840777936138e+00 0.000000000000000000e+00
3.632447611223420747e+00 5.873962035540887250e+00 0.000000000000000000e+00
2.782305446399262472e+00 2.963518464567580057e+00 0.000000000000000000e+00
5.754396521711958812e+00 8.744838890474735393e+00 0.000000000000000000e+00
6.330027103208708539e+00 6.646287149102134251e+00 0.000000000000000000e+00
5.413505301773573031e+00 5.279287776543821309e+00 0.000000000000000000e+00
6.450038561597322584e+00 8.109125939276996320e+00 0.000000000000000000e+00
7.385525938892183007e+00 3.869371634902495138e+00 0.000000000000000000e+00
5.618350994059527537e+00 8.092064267702491875e+00 0.000000000000000000e+00
3.467919826946046058e+00 7.207926836595333953e+00 0.000000000000000000e+00
4.031405623594302767e+00 6.419746713144992789e+00 0.000000000000000000e+00
3.121466182895185959e+00 8.749713699849888116e+00 0.000000000000000000e+00
3.561018375479966913e+00 3.388106238163965056e+00 0.000000000000000000e+00
1.960135791152010754e+00 6.169927018042874245e+00 0.000000000000000000e+00
5.969335484815696091e+00 5.686513984734401284e+00 0.000000000000000000e+00
5.747614166894483567e+00 9.710704929593141799e+00 0.000000000000000000e+00
4.612837177785615417e+00 2.439743722428608041e+00 0.000000000000000000e+00
3.460764451543572928e+00 4.524250650742238200e+00 0.000000000000000000e+00
1.708207899489449844e+00 6.239935171268568226e+00 0.000000000000000000e+00
7.162848899149990345e+00 5.109452805471944359e+00 0.000000000000000000e+00
5.935055312594946564e+00 4.652321073926163564e+00 0.000000000000000000e+00
5.144758301266422862e+00 2.427819835635499413e+00 0.000000000000000000e+00
3.650989736499934857e+00 4.442411519874577941e+00 0.000000000000000000e+00
5.589086857128316765e+00 7.337092476559177179e+00 0.000000000000000000e+00
6.267244490520824662e-01 4.881321498850246243e+00 0.000000000000000000e+00
7.776056178778030237e-01 2.343384971678889706e+00 0.000000000000000000e+00
2.999353485314451007e+00 4.964915556833397581e+00 0.000000000000000000e+00
4.131597966500215158e+00 4.245733827865633359e+00 0.000000000000000000e+00
5.057582774514676416e+00 5.440176582070058942e+00 0.000000000000000000e+00
4.616957204197754905e+00 6.731661533498539463e+00 0.000000000000000000e+00
-1.369730391656940327e-01 4.872476378253310259e+00 0.000000000000000000e+00
4.274584056766319584e+00 2.889275737969003721e+00 0.000000000000000000e+00
8.480515984693134612e+00 8.473875500699653784e+00 0.000000000000000000e+00
6.363949407514279955e+00 4.674121248335715073e+00 0.000000000000000000e+00
3.962192268543966556e+00 7.619865860927796497e+00 0.000000000000000000e+00
3.439351035186466898e+00 9.318639626264909381e+00 0.000000000000000000e+00
4.324531765852180243e+00 2.748831612375183919e+00 0.000000000000000000e+00
3.752897909088346751e+00 6.212415768349622169e+00 0.000000000000000000e+00
5.456231586464637573e+00 5.408474444351297983e+00 0.000000000000000000e+00
5.042761627519495526e+00 9.084454701631479168e+00 0.000000000000000000e+00
5.089643478467738902e+00 3.522070752083880318e+00 0.000000000000000000e+00
3.503088704266424713e+00 2.759563655002550409e+00 0.000000000000000000e+00
3.240643647501928459e+00 6.723737934384133474e+00 0.000000000000000000e+00
5.501415960012788098e+00 5.004483419854679482e+00 0.000000000000000000e+00
5.067893072247622754e+00 8.871695827292496617e+00 0.000000000000000000e+00
3.297662820270296891e+00 3.859283293758927869e+00 0.000000000000000000e+00
6.218354539725633678e+00 5.862101100959804967e+00 0.000000000000000000e+00
4.023721805162291609e+00 4.633706584993995570e+00 0.000000000000000000e+00
3.482104556512783944e+00 5.649090437986339808e+00 0.000000000000000000e+00
2.085096006121040180e+00 6.777837609058399160e+00 0.000000000000000000e+00
4.165731846747241285e+00 6.241190554526934164e+00 0.000000000000000000e+00
5.569702922465089578e+00 7.573322383699769844e+00 0.000000000000000000e+00
3.318555392793953729e+00 5.258467890948306689e+00 0.000000000000000000e+00
3.790524820996467703e+00 5.045623565623872153e+00 0.000000000000000000e+00
-4.229091192786711417e-01 5.197353930554778678e+00 0.000000000000000000e+00
3.077364398328985562e+00 6.648090383581469531e+00 0.000000000000000000e+00
5.419687106900010320e+00 6.010061144144979828e+00 0.000000000000000000e+00
4.570711582905192749e+00 6.443704808018222430e+00 0.000000000000000000e+00
3.544212064638018411e+00 7.365051878848299260e+00 0.000000000000000000e+00
2.607571501035975459e+00 5.276128165263287428e+00 0.000000000000000000e+00
4.933404044140851319e+00 4.951155362419913608e+00 0.000000000000000000e+00
5.533821270977523632e+00 2.900685000070791109e+00 0.000000000000000000e+00
6.036714606026271079e-01 1.920386547978003566e+00 1.000000000000000000e+00
-2.112726914290075086e-01 3.422652555667724528e-01 1.000000000000000000e+00
-1.501040089807534228e+00 -5.154394561441919542e-01 1.000000000000000000e+00
-1.029610312610995115e-01 2.669229029240305806e+00 1.000000000000000000e+00
5.943091570409794189e-01 1.921892662614236524e+00 1.000000000000000000e+00
-1.078739488385590084e+00 1.991018370543121474e+00 1.000000000000000000e+00
2.359334323581991754e-03 2.705752538250512540e+00 1.000000000000000000e+00
7.658674588387286430e-01 1.733763262003819472e+00 1.000000000000000000e+00
-3.468536600121503721e-02 2.696193752437004765e+00 1.000000000000000000e+00
4.571885208182008276e-01 1.829298448882810346e+00 1.000000000000000000e+00
-2.168618498903272407e+00 1.334819833915830367e+00 1.000000000000000000e+00
8.387129855080627250e-01 2.149827950043406766e+00 1.000000000000000000e+00
9.531774002958466330e-01 1.654758035011052897e+00 1.000000000000000000e+00
8.027061830980410095e-02 2.793524595860717774e+00 1.000000000000000000e+00
6.878241589209073137e-01 2.391682864320237911e+00 1.000000000000000000e+00
1.088858465941406894e+00 3.335311751831315341e+00 1.000000000000000000e+00
1.390346010109009045e+00 3.483204002085706907e-01 1.000000000000000000e+00
-4.863185806843218217e-01 1.671431530003493648e+00 1.000000000000000000e+00
-3.646150027984321751e-01 3.623856163533394348e-01 1.000000000000000000e+00
1.301120422554393530e+00 9.986948468671064116e-01 1.000000000000000000e+00
9.949926532119926503e-02 -4.042260528267238584e-01 1.000000000000000000e+00
-5.070738022511005472e-01 1.741950573778965339e+00 1.000000000000000000e+00
-9.358689143269844912e-01 2.735410461461467602e+00 1.000000000000000000e+00
2.380484460431411708e+00 1.124418669941551485e+00 1.000000000000000000e+00
-8.652099642166615201e-01 3.751818161471123680e+00 1.000000000000000000e+00
5.620411375901479545e-01 1.683905972165605114e+00 1.000000000000000000e+00
-1.279556883850517135e+00 2.732650013413872259e+00 1.000000000000000000e+00
2.131586779458501113e-01 3.552513433674160837e+00 1.000000000000000000e+00
-8.709521134003226361e-01 1.826438613547246348e+00 1.000000000000000000e+00
-3.079353892608145959e-01 1.783168735473776190e+00 1.000000000000000000e+00
1.057634570430106891e+00 2.842369344999130298e+00 1.000000000000000000e+00
-6.404189096269210513e-01 1.907676710559753630e+00 1.000000000000000000e+00
-2.308130081112537424e-01 2.889122317888442204e+00 1.000000000000000000e+00
-1.762460665250548952e-01 8.820381493662832195e-01 1.000000000000000000e+00
-3.453082554813343696e-01 1.952222861309008461e+00 1.000000000000000000e+00
9.172204776794755654e-01 3.275826900818811893e+00 1.000000000000000000e+00
1.290767961843709566e+00 2.364108618481815416e+00 1.000000000000000000e+00
-5.179343241535729891e-01 2.581286240049336378e+00 1.000000000000000000e+00
-1.909245646552951425e-01 1.374746481888126759e+00 1.000000000000000000e+00
2.892525357002618813e-01 2.400297486848878226e+00 1.000000000000000000e+00
8.635321006557288293e-01 1.095118119903028209e+00 1.000000000000000000e+00
-1.673635985455854902e+00 2.499184357547620028e+00 1.000000000000000000e+00
-9.713322060557458837e-01 2.990152682136665074e+00 1.000000000000000000e+00
-1.108351666908559574e+00 1.409909399518625817e+00 1.000000000000000000e+00
-1.818252456768103098e+00 4.036649938694027995e+00 1.000000000000000000e+00
-4.708067671068985049e-01 1.904030529294765683e+00 1.000000000000000000e+00
-5.401460132005208026e-01 1.745488789018901032e+00 1.000000000000000000e+00
8.136763946582407092e-01 2.088131057298435067e+00 1.000000000000000000e+00
-2.893584563667723694e-02 3.172682560564162202e+00 1.000000000000000000e+00
-1.370423982914571237e+00 3.113529790318003698e+00 1.000000000000000000e+00
1.576890178140493814e+00 5.933004150863856463e-01 1.000000000000000000e+00
2.529459259222098799e-01 6.945665730698753482e-01 1.000000000000000000e+00
-2.129869204804334171e+00 1.132874495302491624e+00 1.000000000000000000e+00
5.053648958131307101e-01 2.738651836093176861e+00 1.000000000000000000e+00
-3.866257808877124336e-01 1.115422296706650940e+00 1.000000000000000000e+00
-4.573088284107333368e-01 1.264359477156495215e+00 1.000000000000000000e+00
-6.492051595618835158e-01 -4.282534578669561220e-01 1.000000000000000000e+00
-2.571249692243188778e-01 1.863021703911653448e+00 1.000000000000000000e+00
2.162462412122149402e+00 2.657551246894922503e+00 1.000000000000000000e+00
-1.602625588329841255e-01 2.053026482759889415e+00 1.000000000000000000e+00
3.083562615931800255e-01 1.277711944935605581e+00 1.000000000000000000e+00
-2.103558342593229380e+00 1.248625158257544943e+00 1.000000000000000000e+00
-2.481433354510527434e-01 2.093571787128118533e+00 1.000000000000000000e+00
-7.396070759525862348e-01 1.054248288008673429e+00 1.000000000000000000e+00
-2.877037096277263450e-01 2.030060055854849832e+00 1.000000000000000000e+00
5.472618035108126611e-01 1.733682131612568789e+00 1.000000000000000000e+00
4.141037479343464556e-01 9.770117808205409649e-01 1.000000000000000000e+00
7.895225604104244566e-01 1.919252042561931049e+00 1.000000000000000000e+00
-1.387169413327562717e+00 1.723333636623927134e+00 1.000000000000000000e+00
8.282248031145419964e-02 9.126052032643139356e-01 1.000000000000000000e+00
7.020135249078566231e-01 1.643864069363511149e+00 1.000000000000000000e+00
4.319889809259436220e-01 9.821372709404327939e-01 1.000000000000000000e+00
2.877471723561230710e-01 2.704450885009032746e+00 1.000000000000000000e+00
-4.628658763683369815e-01 1.785547249745712994e+00 1.000000000000000000e+00
-5.929667108814840049e-01 2.311603983529836981e+00 1.000000000000000000e+00
1.003437026682128287e-02 2.478804608947766219e+00 1.000000000000000000e+00
-8.030559203746405472e-02 7.077761888183673467e-01 1.000000000000000000e+00
-1.333403987794519407e+00 1.530159323246232050e+00 1.000000000000000000e+00
4.402067962813666635e-01 4.242663471323221636e+00 1.000000000000000000e+00
8.488214486643334000e-01 1.366738809248562614e+00 1.000000000000000000e+00
-2.045866679591336279e+00 2.494493865768855123e+00 1.000000000000000000e+00
-1.952912461394720614e-03 7.683355093068851005e-01 1.000000000000000000e+00
8.756889301774544165e-01 1.989224358156081784e+00 1.000000000000000000e+00
-4.303355536795749336e-01 4.972293726993370910e-02 1.000000000000000000e+00
9.491217282740721517e-01 2.050906988483732984e+00 1.000000000000000000e+00
-2.660210641477899207e-01 1.021069349301901852e+00 1.000000000000000000e+00
-3.838098461775682479e-01 3.221850260801501165e+00 1.000000000000000000e+00
5.072266040303183843e-01 3.989835294505252872e+00 1.000000000000000000e+00
1.048388658412122032e+00 2.332762523124124243e+00 1.000000000000000000e+00
8.843589988951194858e-01 2.148886188827226817e+00 1.000000000000000000e+00
-1.462678345660559875e+00 1.383155529665075489e+00 1.000000000000000000e+00
3.213357957800812015e-01 1.053553135694090592e+00 1.000000000000000000e+00
-5.301394082656446516e-01 7.407929846366165805e-01 1.000000000000000000e+00
1.677544064041899485e+00 6.688382716389720262e-01 1.000000000000000000e+00
-1.052874108968709033e+00 1.101014508927071311e+00 1.000000000000000000e+00
9.611043126175777829e-01 3.116515990242778145e+00 1.000000000000000000e+00
-5.651193836365182577e-01 2.565121734511903728e+00 1.000000000000000000e+00
-9.033609101596183910e-01 1.992357688963933615e+00 1.000000000000000000e+00
2.603699667852351407e+00 2.935916149958661681e+00 1.000000000000000000e+00
-5.086667263591091587e-02 6.655877161778485096e-01 1.000000000000000000e+00
-3.080027315580258773e-01 6.710848571932632733e-01 1.000000000000000000e+00
-2.192966702707473292e+00 2.599465615428927290e+00 1.000000000000000000e+00
5.762751140739184041e-01 2.193928425271382210e+00 1.000000000000000000e+00
9.935055944790387450e-01 3.224346177094377097e-01 1.000000000000000000e+00
1.392130115100132848e+00 9.112483226166909756e-01 1.000000000000000000e+00
3.742897252795832630e-01 2.451433954902563883e+00 1.000000000000000000e+00
1.074361412438417540e+00 3.996110777607511544e+00 1.000000000000000000e+00
3.454493700536566125e-01 1.617196900402835258e+00 1.000000000000000000e+00
-1.113301312288822231e+00 2.258003024604935405e+00 1.000000000000000000e+00
-8.484144574350586110e-01 6.415459548873632123e-01 1.000000000000000000e+00
-2.028407375188598372e-01 2.671146763076359232e+00 1.000000000000000000e+00
-3.099831748776172846e-01 9.466679888260434161e-01 1.000000000000000000e+00
1.416414533308351653e-01 7.558960601511883759e-01 1.000000000000000000e+00
-1.518372626587674246e+00 3.458970971156005270e+00 1.000000000000000000e+00
2.428742910183001591e-01 3.980219954649827141e+00 1.000000000000000000e+00
-1.474627956466429302e+00 3.036917820641368060e+00 1.000000000000000000e+00
-1.768558887825065762e-01 4.679644234850006690e+00 1.000000000000000000e+00
-2.154241511388091390e-01 1.555545228593008922e+00 1.000000000000000000e+00
4.238209606295058607e-01 2.188960995067414039e+00 1.000000000000000000e+00
-4.591349283340287468e-01 2.911747865315722272e+00 1.000000000000000000e+00
6.901809236186843277e-01 2.885691502970986644e+00 1.000000000000000000e+00
4.004188476372214645e-01 1.290345810597524068e+00 1.000000000000000000e+00
-7.002780873628642322e-01 2.592992793263326767e+00 1.000000000000000000e+00
-9.390573666975149392e-01 3.698044509181044326e+00 1.000000000000000000e+00
3.249471822108281061e-02 1.205822036366323236e+00 1.000000000000000000e+00
1.037564906459500058e+00 1.979806661431193104e+00 1.000000000000000000e+00
1.197179835435116635e+00 2.211787177761298295e+00 1.000000000000000000e+00
1.768297431745159409e+00 1.616514816899882856e+00 1.000000000000000000e+00
-2.184177564251295944e+00 4.837952390179915962e-01 1.000000000000000000e+00
-1.633883631399555281e+00 2.589894303870689640e+00 1.000000000000000000e+00
1.809144985113021020e+00 1.804962090872759273e+00 1.000000000000000000e+00
-1.334358579110127341e+00 2.682921370616315304e+00 1.000000000000000000e+00
4.537017730776354840e-01 1.618835380479115127e+00 1.000000000000000000e+00
4.079483626704205612e-01 2.006410206412873265e+00 1.000000000000000000e+00
-1.150217671137870212e+00 2.685617746328929023e+00 1.000000000000000000e+00
-5.047683741190548412e-01 1.050311119480274336e+00 1.000000000000000000e+00
-2.363233910209902033e-01 3.568005002409382787e+00 1.000000000000000000e+00
1.962369646323447903e+00 3.400136834357269766e+00 1.000000000000000000e+00
-4.950024225737852945e-01 9.728309243818762386e-01 1.000000000000000000e+00
3.439427240421271126e-01 1.837996644939454249e+00 1.000000000000000000e+00
1.390325268017128246e-01 8.695959096616847628e-01 1.000000000000000000e+00
-8.862191251508665379e-01 9.241077261363006556e-01 1.000000000000000000e+00
7.727037398279534841e-01 3.062319313689808364e+00 1.000000000000000000e+00
-6.826236006876764684e-01 2.582613831201770793e+00 1.000000000000000000e+00
6.415400191927078666e-01 1.260068130196970504e+00 1.000000000000000000e+00
9.876068981459672214e-03 2.813433673875557872e+00 1.000000000000000000e+00
-1.014662683071771543e+00 3.246281732308157864e+00 1.000000000000000000e+00
-2.061702519020429669e-01 2.059367594634301746e+00 1.000000000000000000e+00
-2.443491099723452686e-01 5.182284529362908287e-01 1.000000000000000000e+00
3.390374800399403310e-01 1.993172505837419450e+00 1.000000000000000000e+00
-4.101367417226663425e-01 1.780057833493252417e+00 1.000000000000000000e+00
4.173092232865911466e-01 1.852582915825886856e+00 1.000000000000000000e+00
-5.302427526239428257e-01 2.080430398847390450e+00 1.000000000000000000e+00
7.541609727420259812e-01 2.035925282455113283e+00 1.000000000000000000e+00
-7.961813948338929414e-01 2.830878534356884302e+00 1.000000000000000000e+00
-2.964085712030862241e-01 2.585360098705986598e+00 1.000000000000000000e+00
-1.459644109400860812e-01 1.055701724298288235e+00 1.000000000000000000e+00
-1.275112553882760791e+00 1.099499686108966090e+00 1.000000000000000000e+00
-2.341409991297306314e-01 -2.526852817522353689e-01 1.000000000000000000e+00
3.830085798670763708e-01 3.099608626147803747e+00 1.000000000000000000e+00
-2.421620155632102922e-01 8.904919991192001838e-01 1.000000000000000000e+00
-1.666977127880694631e+00 2.225317802209984208e+00 1.000000000000000000e+00
4.119756892351083000e-01 2.057585650585150638e+00 1.000000000000000000e+00
6.963611506758581315e-01 1.327579579063323134e+00 1.000000000000000000e+00
-2.525458822395315051e-01 2.275751090177524638e+00 1.000000000000000000e+00
-2.260315634018828512e-01 2.487200239968315518e+00 1.000000000000000000e+00
4.955883953461740488e-01 1.728178873673557492e+00 1.000000000000000000e+00
-9.639652133297857972e-01 1.275622590536576784e+00 1.000000000000000000e+00
1.095542259255836370e+00 7.958320310913860052e-01 1.000000000000000000e+00
5.973095330143844695e-02 1.003674845175697383e+00 1.000000000000000000e+00
2.307115280692177084e+00 1.365458849878497194e+00 1.000000000000000000e+00
6.337108090100409541e-01 1.031500241417449004e+00 1.000000000000000000e+00
3.191901246645405532e+00 6.637731340807686564e-01 1.000000000000000000e+00
3.564358186661670813e-01 7.469353031069165816e-01 1.000000000000000000e+00
8.192068337097612174e-01 7.441877848233153792e-01 1.000000000000000000e+00
-4.435114624929643590e-01 4.048656011412765654e-01 1.000000000000000000e+00
-3.977057560857358842e-01 2.000628684110797639e+00 1.000000000000000000e+00
1.741224556973974158e+00 -3.030328195053826335e-01 1.000000000000000000e+00
5.449118010407394408e-01 2.041930951048179121e+00 1.000000000000000000e+00
-6.089141957968918772e-01 1.787805861773732463e+00 1.000000000000000000e+00
3.906985174773878744e-01 1.962479701746695060e+00 1.000000000000000000e+00
-4.405142774631795599e-02 1.219383609275145774e+00 1.000000000000000000e+00
-4.010268944427705096e-01 2.483982463616412506e+00 1.000000000000000000e+00
-9.224436286691494180e-01 1.481025314791785785e+00 1.000000000000000000e+00
7.342828161515076169e-02 2.325968552953351143e+00 1.000000000000000000e+00
3.859980755119818419e-01 1.798011255620910687e+00 1.000000000000000000e+00
-2.034451229782968440e+00 2.761485078517831315e+00 1.000000000000000000e+00
1.001471330051861175e+00 3.194510162936651909e+00 1.000000000000000000e+00
3.394597716251989139e-01 2.843393007451568089e+00 1.000000000000000000e+00
-2.971747840684916264e-01 8.856885287052020939e-01 1.000000000000000000e+00
-1.753307787585599298e-01 1.750307408629097727e+00 1.000000000000000000e+00
9.916602889207575267e-01 2.792990717993250271e+00 1.000000000000000000e+00
-5.226550900242120656e-01 1.570987736649861910e+00 1.000000000000000000e+00
-5.286473940042335506e-02 2.062992675448791058e+00 1.000000000000000000e+00
1.404529746383568645e+00 1.498487515149947047e+00 1.000000000000000000e+00
1.272244625755640346e+00 5.981468728456222905e-01 1.000000000000000000e+00
-6.932255980090162861e-01 3.647875171361035562e+00 1.000000000000000000e+00
3.732269807426581432e-01 2.081931793034764944e+00 1.000000000000000000e+00
5.687255935861036393e-01 1.765517331875407159e+00 1.000000000000000000e+00
3.511023762508967694e-02 2.196785269969697474e+00 1.000000000000000000e+00
1.977499136791198153e-01 2.336836136231405181e+00 1.000000000000000000e+00
-5.976572586264364828e-01 2.337936609962042223e+00 1.000000000000000000e+00
-7.300281177056470172e-01 2.560022058497286146e+00 1.000000000000000000e+00
-1.881453897482698867e-01 2.225961076623801382e+00 1.000000000000000000e+00
2.555419678588695676e-01 1.241488477460967355e+00 1.000000000000000000e+00
-5.537965268617788261e-01 1.835870976867904458e+00 1.000000000000000000e+00
4.248010428031259167e-01 2.913505483599507784e+00 1.000000000000000000e+00
-7.424105148695632483e-02 1.301177547624910114e+00 1.000000000000000000e+00
2.181957725659193215e-01 1.958069572018428905e+00 1.000000000000000000e+00
7.290590474474037963e-01 3.178595476380810858e+00 1.000000000000000000e+00
1.915678882122330284e+00 3.395951592179489165e-01 1.000000000000000000e+00
-4.929852568511962074e-01 1.903917543490266429e+00 1.000000000000000000e+00
7.536579293753192799e-01 2.649636178187987134e+00 1.000000000000000000e+00
3.593418000341157270e-02 2.741614046538865868e+00 1.000000000000000000e+00
-5.686951372765738366e-01 1.615466665461124274e+00 1.000000000000000000e+00
2.777218169066037468e-01 9.193247257897458891e-01 1.000000000000000000e+00
1.538735993927203838e+00 1.192035013388305531e+00 1.000000000000000000e+00
-1.143800830896801513e+00 2.296695135668064491e+00 1.000000000000000000e+00
-1.920747727100344582e+00 1.552716282101847423e+00 1.000000000000000000e+00
-1.853062109836571825e-01 3.253567254235396611e+00 1.000000000000000000e+00
3.009431188556573655e+00 2.151647092263685224e+00 1.000000000000000000e+00
-1.298238354467522004e+00 2.241037206926407066e+00 1.000000000000000000e+00
6.429542438251072412e-01 1.068286253133424957e+00 1.000000000000000000e+00
3.263307502618374989e-01 3.552334615113472704e+00 1.000000000000000000e+00
4.712998932992131240e-01 1.205849942554641396e+00 1.000000000000000000e+00
-5.686120029765695527e-01 3.564571886103851117e-01 1.000000000000000000e+00
-4.469042705050400022e-01 1.409775397528085339e+00 1.000000000000000000e+00
1.363825289741841473e+00 4.472421671722848213e-01 1.000000000000000000e+00
-1.580069522687661321e+00 2.174283680556479581e+00 1.000000000000000000e+00
5.710335188840953702e-01 1.439001399306854445e+00 1.000000000000000000e+00
1.751407223417780490e-01 2.646350324361471884e+00 1.000000000000000000e+00
7.168814293888304823e-01 2.348280608438623851e+00 1.000000000000000000e+00
5.209562683099941971e-01 4.485397474734393874e-01 1.000000000000000000e+00
7.783658777042087307e-01 2.122683306203733355e+00 1.000000000000000000e+00
-8.369324548151990673e-01 1.592543576633184799e+00 1.000000000000000000e+00
-3.060691197309398093e-01 1.440866812971991484e+00 1.000000000000000000e+00
-1.797365958711876210e-01 1.596251577152863144e+00 1.000000000000000000e+00
-1.460153974462838899e+00 4.120782820890724452e+00 1.000000000000000000e+00
3.615065166711152744e-01 4.181731186753019358e+00 1.000000000000000000e+00
-2.927093780334355522e-01 3.584935975631472704e+00 1.000000000000000000e+00
-1.469431876488151434e-01 3.539413387561216151e+00 1.000000000000000000e+00
8.998890940029004026e-01 2.740251683988599751e+00 1.000000000000000000e+00
-1.932039702854016494e-01 2.201997788336349515e+00 1.000000000000000000e+00
1.311306084309850295e+00 -7.669581040081752121e-05 1.000000000000000000e+00
-6.981645831332934371e-01 7.434271815861670518e-01 1.000000000000000000e+00
-9.266079955422619197e-01 2.600310394104015543e+00 1.000000000000000000e+00
8.178505918529546115e-01 1.790628156134105531e+00 1.000000000000000000e+00
1.113416227179384155e+00 1.256702666578162653e+00 1.000000000000000000e+00
-6.044583415956846784e-01 2.115817143400305245e+00 1.000000000000000000e+00
3.927231631058913930e-01 1.862461470493850246e+00 1.000000000000000000e+00
-1.071334216499041592e+00 2.558712720299924470e+00 1.000000000000000000e+00
1.689881275226349455e+00 1.621012211790855417e+00 1.000000000000000000e+00
2.050511889665099577e-02 8.895074411046148821e-01 1.000000000000000000e+00
-8.720589985642384495e-03 1.084440937094875324e+00 1.000000000000000000e+00
1.670486884890667323e-01 3.541287882440840029e+00 1.000000000000000000e+00
5.178361568743583554e-01 1.274684646924998388e+00 1.000000000000000000e+00
7.988103091840111913e-01 2.784704834021207720e-01 1.000000000000000000e+00
1.200238852215147478e+00 2.296490384419380248e+00 1.000000000000000000e+00
-1.064403056508254730e+00 1.671755507239407690e+00 1.000000000000000000e+00
-9.108697746931265771e-01 3.982163334436295887e+00 1.000000000000000000e+00
5.611641980874247926e-01 9.889252499158434073e-01 1.000000000000000000e+00
-6.771006703271639227e-01 2.148227435905615934e+00 1.000000000000000000e+00
-5.780891487590650302e-01 2.223690284946647111e+00 1.000000000000000000e+00
3.665931977064946223e-01 5.455401831157056236e-01 1.000000000000000000e+00
5.998484606539068453e-01 3.656869236378256893e+00 1.000000000000000000e+00
3.063363038002545613e-01 2.607953436977395789e+00 1.000000000000000000e+00
-5.227418529090509525e-01 1.482087617310028804e+00 1.000000000000000000e+00
2.916135039969489640e-01 1.112802732119550608e+00 1.000000000000000000e+00
-1.616535403349743660e+00 2.812153852901901008e+00 1.000000000000000000e+00
-6.562988432859330201e-01 2.203718473040773507e+00 1.000000000000000000e+00
1.005974098500913017e-01 2.394161045345423400e+00 1.000000000000000000e+00
5.830536763685568724e-01 2.511527325276390776e+00 1.000000000000000000e+00
-3.028474121346412251e-01 2.799970668481475577e+00 1.000000000000000000e+00
-3.703693820621220545e-01 2.341522010585691316e+00 1.000000000000000000e+00
-6.309632677088037322e-01 2.069607311563069540e+00 1.000000000000000000e+00
-8.600960913932835794e-01 3.371320471991004819e+00 1.000000000000000000e+00
3.117159643596098539e-01 1.258948627630954054e+00 1.000000000000000000e+00
-1.794632567261102984e+00 1.265194125278748860e+00 1.000000000000000000e+00
1.284566053533696905e+00 1.345424134824018569e+00 1.000000000000000000e+00
9.603222079687326884e-01 1.767751467970084978e+00 1.000000000000000000e+00
-3.468233347647820541e-01 9.341837097921192878e-01 1.000000000000000000e+00
2.645786741203250414e-01 3.004944150493783273e+00 1.000000000000000000e+00
7.522701654178004516e-01 2.496796978163121405e+00 1.000000000000000000e+00
-1.057505130802470106e+00 2.070433884122210078e+00 1.000000000000000000e+00
-1.164526799498705856e+00 1.123900755976278809e+00 1.000000000000000000e+00
3.345956986031068947e-01 9.058334531641936138e-01 1.000000000000000000e+00
4.451268815050718475e-01 1.647734100563044368e+00 1.000000000000000000e+00
1.386990112418569288e+00 1.794095612649940108e+00 1.000000000000000000e+00
4.364716598079160237e-01 2.943537565547387658e+00 1.000000000000000000e+00
5.191055570821174747e-01 2.571924155715086258e+00 1.000000000000000000e+00
-1.787706035213936007e+00 2.820371036290934441e+00 1.000000000000000000e+00
-1.677021410377343535e+00 1.250973836182522891e+00 1.000000000000000000e+00
-2.514378710997789312e+00 1.584858030226821146e+00 1.000000000000000000e+00
-7.521332561837655861e-01 1.675482109012743637e+00 1.000000000000000000e+00
-1.064510651678409303e+00 1.744172177255347789e+00 1.000000000000000000e+00
-8.138258149486453652e-01 1.717703699510865656e+00 1.000000000000000000e+00
7.282368331537583117e-01 -2.559394984576082166e-01 1.000000000000000000e+00
-1.406289072448083932e-01 1.753912238444944816e+00 1.000000000000000000e+00
-1.635406433277316163e+00 1.471647013186666353e+00 1.000000000000000000e+00
1.320966314357683080e+00 2.268011784088315608e+00 1.000000000000000000e+00
-1.927451101755593310e+00 -3.643521115527981191e-01 2.000000000000000000e+00
-6.259637001093731890e-01 -2.372074329185566377e+00 2.000000000000000000e+00
-1.647351439628572223e+00 -1.134620649796662661e+00 2.000000000000000000e+00
-1.108510336781835637e+00 -7.481709536892853230e-01 2.000000000000000000e+00
-1.115278437209641593e+00 -1.039893521680500532e+00 2.000000000000000000e+00
-1.874965187687496870e+00 -1.454537503025994383e+00 2.000000000000000000e+00
-1.854371482425743345e+00 -5.798370601581680495e-01 2.000000000000000000e+00
-1.286394343392331718e+00 -1.667508252973067595e+00 2.000000000000000000e+00
-5.974970783166888566e-02 1.335437988523373587e+00 2.000000000000000000e+00
-1.312796358132933383e+00 1.870364182573007739e-01 2.000000000000000000e+00
-1.848667027902824334e+00 -8.478432066651723220e-01 2.000000000000000000e+00
2.037558062651820823e-01 6.932236679504555354e-02 2.000000000000000000e+00
1.940682661460693570e+00 -1.512493633442310692e+00 2.000000000000000000e+00
-9.238532581060873161e-01 3.304175782166014486e-01 2.000000000000000000e+00
8.092324094997946915e-01 -1.860216899060379347e+00 2.000000000000000000e+00
-1.020055681963310201e+00 -1.641479099213305481e-03 2.000000000000000000e+00
7.227955562394536848e-01 -1.946168636539696628e+00 2.000000000000000000e+00
-4.984200031882860538e-01 -3.216668325546834684e+00 2.000000000000000000e+00
4.330125219192209052e-01 7.577308234162827283e-01 2.000000000000000000e+00
-2.545263505717518804e+00 -1.218256656581769626e+00 2.000000000000000000e+00
-3.000516320023779659e+00 -1.458428185741657446e+00 2.000000000000000000e+00
-2.321255311189535098e-01 -4.149239560748406719e-01 2.000000000000000000e+00
-4.268341543012895700e-01 -2.388168475346905684e+00 2.000000000000000000e+00
-2.189765174793238511e+00 8.655954984261842178e-01 2.000000000000000000e+00
-6.728681965109704066e-01 -1.424250857749084442e+00 2.000000000000000000e+00
-6.423112850314234290e-01 -1.578686417243306828e+00 2.000000000000000000e+00
-7.660208131071538640e-01 -1.762558583550557501e+00 2.000000000000000000e+00
-1.951007916592694569e+00 -2.562627547294410668e+00 2.000000000000000000e+00
1.476990507586408263e+00 -2.806653219878476602e-01 2.000000000000000000e+00
-1.167471983871744001e-01 -1.305789864104652809e-01 2.000000000000000000e+00
-1.174618388072499187e+00 -2.079583926502746039e+00 2.000000000000000000e+00
-2.744164243307094520e-01 -3.092579189616655455e-01 2.000000000000000000e+00
-2.385964487451760485e-01 -1.389118791319362334e+00 2.000000000000000000e+00
-3.131327152149173898e+00 -2.059905485280716375e-01 2.000000000000000000e+00
-4.171373862935792154e-01 -1.056746520030683589e+00 2.000000000000000000e+00
-1.327275941684427973e+00 -1.126224484136057580e+00 2.000000000000000000e+00
-1.789578672233259171e+00 -2.467581422506006206e+00 2.000000000000000000e+00
-1.146581793550055739e+00 -1.428594653129966918e+00 2.000000000000000000e+00
-5.453219556670023671e-01 -1.306709811073814009e+00 2.000000000000000000e+00
-5.936725601611292369e-01 -2.201365837089056310e+00 2.000000000000000000e+00
-3.580678385717988021e-01 1.068710881146116343e+00 2.000000000000000000e+00
-1.135705486932694797e+00 -3.690284380471430259e-01 2.000000000000000000e+00
2.409892269044822122e-01 -6.422530726410600188e-01 2.000000000000000000e+00
-6.533168804848865641e-01 -2.553948349859446854e+00 2.000000000000000000e+00
-2.148364792049328287e+00 5.463387219479314272e-01 2.000000000000000000e+00
-7.058393076977405034e-01 -7.852404805270831734e-01 2.000000000000000000e+00
1.747754221311835110e+00 -2.706041063693210180e+00 2.000000000000000000e+00
4.929733289095852289e-01 -3.449678694646745036e-01 2.000000000000000000e+00
-3.743050620603917356e+00 -1.627642287282943911e+00 2.000000000000000000e+00
-3.930512574689921657e-01 -1.697148356005971692e+00 2.000000000000000000e+00
-2.073706775034541039e+00 -3.895622387451385116e-01 2.000000000000000000e+00
-1.259306389544982974e+00 -8.056641135416172661e-01 2.000000000000000000e+00
-1.222128545275310119e+00 -8.615809824543132489e-01 2.000000000000000000e+00
-5.655244757229577202e-01 1.213149573399743719e+00 2.000000000000000000e+00
-4.212166083905959368e-01 -1.696114122514624789e+00 2.000000000000000000e+00
-4.541428118159827054e-01 -7.360807022827038359e-01 2.000000000000000000e+00
3.682008639052107846e+00 -2.416867416085496600e+00 2.000000000000000000e+00
-1.483527034091214336e-02 -7.353884872305699316e-01 2.000000000000000000e+00
1.169906302280860455e+00 -2.015692948758368797e+00 2.000000000000000000e+00
-2.734678666838136429e+00 -6.436981844551779020e-01 2.000000000000000000e+00
1.902225614835846290e-01 -5.557144375207173637e-01 2.000000000000000000e+00
-9.955303818361227464e-02 -1.041278486387922309e+00 2.000000000000000000e+00
4.244462656885048535e-01 -8.673396175685836873e-01 2.000000000000000000e+00
-1.706907064622195769e+00 4.712323029287683873e-01 2.000000000000000000e+00
-2.214153364330966767e+00 -2.598904901973276615e+00 2.000000000000000000e+00
-1.553783133106642733e+00 -1.134473012720859764e+00 2.000000000000000000e+00
-1.087440739128169742e+00 -1.296672009467762843e+00 2.000000000000000000e+00
-4.657678587549403115e-01 -1.336771640234202696e+00 2.000000000000000000e+00
-2.224886580006106840e+00 4.005224776651434837e-01 2.000000000000000000e+00
-1.242857586403305570e+00 9.542776454679757769e-02 2.000000000000000000e+00
-7.507894880542447247e-01 -5.124221906318942032e-01 2.000000000000000000e+00
1.183371222468116102e+00 -2.852759330264444060e+00 2.000000000000000000e+00
5.956949768876056428e-01 -9.330028529772045331e-01 2.000000000000000000e+00
2.364867481537638039e-01 -1.446666676610455893e+00 2.000000000000000000e+00
-9.856081808434304925e-01 -1.151390075896620457e+00 2.000000000000000000e+00
-2.554803537090983845e+00 -1.061686535453362223e+00 2.000000000000000000e+00
1.560478430690640739e+00 2.735557900509897333e-01 2.000000000000000000e+00
9.869529029832389000e-01 -1.223100668954761661e+00 2.000000000000000000e+00
-1.244925102744578904e+00 -1.439585185758063712e+00 2.000000000000000000e+00
-3.904012746250261401e+00 -1.238014879926484069e+00 2.000000000000000000e+00
-2.052449053477937380e+00 -1.249893465249504176e-01 2.000000000000000000e+00
3.192376602904791749e-01 -5.602236183451048124e-01 2.000000000000000000e+00
-2.256962268450715570e+00 -1.590677952435977982e+00 2.000000000000000000e+00
9.019199249891136638e-01 -6.723689204031431110e-01 2.000000000000000000e+00
4.286458717054599799e-01 -1.442735237493863787e+00 2.000000000000000000e+00
3.703802802102404979e-01 -1.320691177094173607e+00 2.000000000000000000e+00
-1.679791777392360963e+00 -7.253000431750307175e-01 2.000000000000000000e+00
-2.017312856121342257e+00 -2.145355433765489650e+00 2.000000000000000000e+00
9.294510059110658862e-01 -3.022261241822382649e-01 2.000000000000000000e+00
-1.662921761285693911e+00 -1.017271622377043272e+00 2.000000000000000000e+00
6.049567049725361745e-01 -1.508924537162200874e+00 2.000000000000000000e+00
-4.415281479110269025e+00 1.267273904266910112e+00 2.000000000000000000e+00
-3.077420359872987898e+00 -1.455944752366021611e+00 2.000000000000000000e+00
-4.099825996753841295e+00 -3.200021988551380314e+00 2.000000000000000000e+00
-5.367832229073170591e-01 -2.311168094699821651e+00 2.000000000000000000e+00
-1.046858451713310600e-01 -1.159126565185993885e+00 2.000000000000000000e+00
-1.234859691514675895e+00 -3.846957874660759114e-01 2.000000000000000000e+00
-7.805114429367465689e-02 3.592943679225946152e-01 2.000000000000000000e+00
-2.955275287461569533e+00 -1.746318989849289682e+00 2.000000000000000000e+00
-4.856624653078012166e-02 -2.332557056072508406e-01 2.000000000000000000e+00
-1.759070459550017951e+00 -2.232539143183550401e+00 2.000000000000000000e+00
-9.959165848192726989e-01 -3.996761604762725018e+00 2.000000000000000000e+00
-3.374054087322688300e+00 1.218865988230655173e-01 2.000000000000000000e+00
-2.825960492833845983e+00 1.040917753735561391e+00 2.000000000000000000e+00
-8.386279871807823527e-01 -7.327519090957234082e-01 2.000000000000000000e+00
2.811909934870241212e+00 -1.021603180103136665e-01 2.000000000000000000e+00
-1.452188906337738006e+00 -1.557114597004205070e+00 2.000000000000000000e+00
-1.913345632892032411e+00 -3.066901899582242130e+00 2.000000000000000000e+00
-4.810287389033206518e-01 -9.792859165771280461e-01 2.000000000000000000e+00
-1.979906126539647815e+00 -1.305998233015356336e-01 2.000000000000000000e+00
-1.863306115097167703e+00 -2.770912134904024882e+00 2.000000000000000000e+00
-2.581318393066644568e+00 -1.070477050880120018e+00 2.000000000000000000e+00
-5.847051982512260215e-01 8.439566470007127119e-01 2.000000000000000000e+00
-1.603262216099923254e+00 -5.114596125370179935e-01 2.000000000000000000e+00
3.932379333006654765e-01 -4.318396813442136883e-01 2.000000000000000000e+00
-6.291855870143550078e-01 -2.168307856130446964e+00 2.000000000000000000e+00
-1.604365489271937228e+00 1.131246487834625114e+00 2.000000000000000000e+00
-8.017920692133873040e-01 -1.071393521923019287e+00 2.000000000000000000e+00
-2.697165331741021355e+00 -7.854728791471016214e-01 2.000000000000000000e+00
1.389212940429212395e+00 -1.631962476500982806e+00 2.000000000000000000e+00
-2.354193042435464900e+00 -1.103476440975327932e+00 2.000000000000000000e+00
-1.760130908366170477e+00 -1.700781335435088693e+00 2.000000000000000000e+00
1.991719544323831581e+00 -2.732126756652135668e-01 2.000000000000000000e+00
-3.088431508155023320e+00 -1.121852120244372752e+00 2.000000000000000000e+00
2.136772702120419698e-01 -1.362255987719349193e+00 2.000000000000000000e+00
5.486866670001355750e-02 -2.199818146060458890e+00 2.000000000000000000e+00
-3.559249138857105699e-01 -1.114894527968047999e+00 2.000000000000000000e+00
-2.965914659110986396e-01 -1.126066032852783394e+00 2.000000000000000000e+00
-2.026764685515354270e+00 -6.731827999066510859e-01 2.000000000000000000e+00
-4.453838448124642913e-01 -4.212390069936174930e-01 2.000000000000000000e+00
-3.026388055148565126e+00 -1.568115631106100860e+00 2.000000000000000000e+00
-1.416235922977009176e+00 -1.351826977964886156e+00 2.000000000000000000e+00
-1.618198802057208674e+00 -9.823284788729723660e-01 2.000000000000000000e+00
8.187079957280640752e-01 6.479446334165903654e-01 2.000000000000000000e+00
5.439091510125484419e-01 -5.258391468734674445e-01 2.000000000000000000e+00
-5.704904826218682778e+00 -1.722066700361280400e+00 2.000000000000000000e+00
-3.398563882931810998e-01 -1.986960466295698780e+00 2.000000000000000000e+00
4.848192105984641120e-01 -1.733519814097954637e+00 2.000000000000000000e+00
-8.761893598853247589e-01 -1.504842486990943806e+00 2.000000000000000000e+00
-7.231210352212171788e-01 -2.507040255103598181e+00 2.000000000000000000e+00
-1.530886159177011541e+00 -1.923135897999710853e+00 2.000000000000000000e+00
-2.647291974674837789e+00 -2.702445681264011412e+00 2.000000000000000000e+00
2.859202620758518609e-01 -2.182105365806281227e+00 2.000000000000000000e+00
-9.282707189141436999e-02 -1.219038077415369736e+00 2.000000000000000000e+00
-4.673405481869232769e-01 -1.102918255498781086e+00 2.000000000000000000e+00
-1.198031691844543944e+00 -2.352677522042199598e+00 2.000000000000000000e+00
2.607854130120222269e+00 -5.591015297231372028e-02 2.000000000000000000e+00
2.552401094369489698e-01 -3.311148322320078830e+00 2.000000000000000000e+00
-2.110222884876173488e+00 -1.834664675136135514e+00 2.000000000000000000e+00
-8.916020834282591956e-01 -1.794723830377558560e+00 2.000000000000000000e+00
-2.730530777188626690e-01 -1.012262028254905744e+00 2.000000000000000000e+00
-3.606641921494102565e-02 6.493218922728694054e-03 2.000000000000000000e+00
-2.332238124320003436e+00 -1.733425066465308806e+00 2.000000000000000000e+00
-2.464064179416332934e+00 -2.914724667971226868e-01 2.000000000000000000e+00
-1.309172370370557337e+00 -1.555780144705814383e+00 2.000000000000000000e+00
-2.966445812571566698e+00 -7.639815886857574956e-01 2.000000000000000000e+00
-1.200144274403004196e+00 -1.011855728176082270e+00 2.000000000000000000e+00
-1.678276983884633200e+00 -2.562007611138381602e+00 2.000000000000000000e+00
5.978469462102196097e-01 -1.117758568763081328e+00 2.000000000000000000e+00
-8.135596965667775127e-01 -1.859558173681889803e+00 2.000000000000000000e+00
7.100963857097382093e-01 -1.943725882824697937e+00 2.000000000000000000e+00
-1.831104101726043210e+00 -2.002616545711775053e+00 2.000000000000000000e+00
-2.729270515532681518e+00 -3.540567952114057615e-01 2.000000000000000000e+00
-1.824387661273193739e+00 -2.151447686112506474e+00 2.000000000000000000e+00
-1.402006686233282506e+00 -1.412355236385921309e+00 2.000000000000000000e+00
-1.123370966536815008e+00 -1.698066939563635191e+00 2.000000000000000000e+00
-8.372717528566095968e-01 -2.769096544630871293e+00 2.000000000000000000e+00
-2.455327698724528496e+00 -4.120704048544439058e-01 2.000000000000000000e+00
1.180984826920994379e-02 -2.892635233518123350e+00 2.000000000000000000e+00
-6.431822867631216134e-01 -1.157309227367683935e+00 2.000000000000000000e+00
4.495634371722998512e-01 -2.164260186619194393e+00 2.000000000000000000e+00
-6.259083318041687161e-01 -2.741376736822919158e-01 2.000000000000000000e+00
-3.085347935078245118e+00 -1.771103241131142259e+00 2.000000000000000000e+00
1.604470456441211557e-01 -1.337853692527802618e+00 2.000000000000000000e+00
1.000674491651341036e-01 -9.442972081641345383e-01 2.000000000000000000e+00
-3.090438855262509943e+00 -1.002111159926847739e+00 2.000000000000000000e+00
-6.025378919549193579e-01 -1.659016403698317266e+00 2.000000000000000000e+00
2.970090971370644706e-01 -2.413960547641003984e+00 2.000000000000000000e+00
-1.221398332765952333e+00 -1.422178146897316697e+00 2.000000000000000000e+00
-2.289083405896787937e+00 -2.550036032620098148e+00 2.000000000000000000e+00
-3.999226414619067249e+00 -2.321612041865104281e+00 2.000000000000000000e+00
-1.394403469461015010e+00 -1.675848505173006764e+00 2.000000000000000000e+00
-1.357326804722144953e+00 -1.328424621068702294e+00 2.000000000000000000e+00
-1.795227573429402090e+00 -8.820864174862502738e-01 2.000000000000000000e+00
4.459159018101876981e-02 -2.587295576479942127e+00 2.000000000000000000e+00
-7.833423180313305867e-01 -2.733669321862532975e+00 2.000000000000000000e+00
1.945890727796566022e+00 -2.019133130682264632e+00 2.000000000000000000e+00
-1.684663694414946900e+00 -2.346030504620362223e-01 2.000000000000000000e+00
-5.498265011041794104e-01 -1.675568344440195867e-01 2.000000000000000000e+00
8.589482697429551283e-01 -1.390998324583934354e+00 2.000000000000000000e+00
1.644294558292135555e+00 -1.729382636305509813e+00 2.000000000000000000e+00
-1.528096864913498498e+00 -2.143412205354813249e-01 2.000000000000000000e+00
-4.412692970766034506e+00 -1.712704603916414214e+00 2.000000000000000000e+00
-1.422462138903393791e+00 -2.619829233553900849e-01 2.000000000000000000e+00
-2.105631064270995445e+00 -2.309726040977393424e-01 2.000000000000000000e+00
-2.573438530741110064e+00 -1.025400265182028203e-01 2.000000000000000000e+00
-2.796002924822293956e-02 -1.574312595837843443e+00 2.000000000000000000e+00
-1.496673153468021322e+00 -1.258267081815781285e+00 2.000000000000000000e+00
-1.635933865090738459e+00 -1.638824779505734242e+00 2.000000000000000000e+00
8.135381924770295203e-01 -6.508423727177996554e-01 2.000000000000000000e+00
-4.618226410125669812e-01 -2.602314243335623001e+00 2.000000000000000000e+00
-1.137536398515543112e+00 2.001165608440635957e-02 2.000000000000000000e+00
-9.181445405499610857e-01 -1.586767900585453139e+00 2.000000000000000000e+00
-1.229130189335989609e+00 -2.654810811055031694e-01 2.000000000000000000e+00
-1.332241532991357502e+00 -3.169850303806108993e+00 2.000000000000000000e+00
-2.168283743522242624e+00 -9.205756727455972621e-01 2.000000000000000000e+00
-3.285617455367544348e+00 -1.064821991985485994e+00 2.000000000000000000e+00
-4.353521500442733005e-01 1.146890366870420674e+00 2.000000000000000000e+00
9.609155324227947048e-01 -6.792245867202592047e-01 2.000000000000000000e+00
-3.585684977442713972e+00 -7.737276160669415148e-01 2.000000000000000000e+00
-3.132255577123100654e+00 -2.109932975598040272e+00 2.000000000000000000e+00
4.747490324210508206e-01 -1.842104644502719601e+00 2.000000000000000000e+00
-1.417987672990675962e-01 -8.669250755251460827e-01 2.000000000000000000e+00
2.233758877328537729e-01 -1.243979988268968384e+00 2.000000000000000000e+00
-1.296101964865520761e+00 4.733436471202585594e-01 2.000000000000000000e+00
-9.029824773245043179e-02 -6.855562657805240878e-01 2.000000000000000000e+00
-1.044614722617539071e+00 -4.781930293715581648e-01 2.000000000000000000e+00
-1.207033288316580855e+00 -4.266570914915192025e-01 2.000000000000000000e+00
-1.176422751953106971e+00 -2.729950212567514356e+00 2.000000000000000000e+00
-3.389155081592419183e+00 -1.693947037170705050e+00 2.000000000000000000e+00
1.787919221075092047e+00 3.588220073071768379e-01 2.000000000000000000e+00
-1.583248064021857360e+00 -1.820498669639005751e+00 2.000000000000000000e+00
-1.729199240756726486e+00 -1.237564393285757403e+00 2.000000000000000000e+00
6.890953703963744736e-01 -1.587757621210744041e+00 2.000000000000000000e+00
-3.128156595520450001e+00 -1.526465922449976809e+00 2.000000000000000000e+00
-2.735361978453683118e+00 4.881805928887670287e-01 2.000000000000000000e+00
-1.236136667523539678e+00 -9.209069052674272449e-01 2.000000000000000000e+00
-1.092874773204817629e+00 -2.960490416169095251e+00 2.000000000000000000e+00
-6.826969277504169042e-01 -5.277401991068811915e-01 2.000000000000000000e+00
-1.602738011272474505e+00 -6.606519156083318078e-01 2.000000000000000000e+00
-1.513677039752540754e+00 -1.120838275629002734e+00 2.000000000000000000e+00
1.057604789801729339e-01 -1.418840871832855566e+00 2.000000000000000000e+00
-3.035203261273111686e-01 -9.287201291056857988e-01 2.000000000000000000e+00
-1.013111859522819014e+00 -1.516628393220725846e+00 2.000000000000000000e+00
-2.025324295462760382e+00 -1.006171960493082107e+00 2.000000000000000000e+00
6.735614036143793282e-01 -6.252434295300490774e-01 2.000000000000000000e+00
6.969271199980235920e-01 -9.800490443798350881e-01 2.000000000000000000e+00
-3.229009286710977200e+00 1.804881350168074938e-01 2.000000000000000000e+00
-1.075724427214029166e+00 1.042759410436640000e-01 2.000000000000000000e+00
6.993471588608124456e-02 -1.509815261889002613e-01 2.000000000000000000e+00
-3.546860489358141244e-01 -3.953755549319091234e+00 2.000000000000000000e+00
1.844079469615484967e-01 -7.095928303212435395e-01 2.000000000000000000e+00
7.685065874778596040e-02 -9.774360920065594538e-02 2.000000000000000000e+00
-5.307018026957129875e-01 -3.370488804416502671e-01 2.000000000000000000e+00
-3.044493291203355767e+00 -8.914665257682777844e-01 2.000000000000000000e+00
1.636316217319566668e-02 -3.399994864385198490e-01 2.000000000000000000e+00
-2.237511536564189107e+00 -2.832358468768948701e+00 2.000000000000000000e+00
-1.848167842236342118e+00 -9.534893272501627770e-01 2.000000000000000000e+00
-6.112801802549567842e-01 6.354516731942192465e-01 2.000000000000000000e+00
7.530079550211941086e-01 -1.739546350742581904e+00 2.000000000000000000e+00
-1.071798762786252412e-01 -1.410908983523274429e+00 2.000000000000000000e+00
1.217568100834893752e-01 -1.671774890865310059e+00 2.000000000000000000e+00
8.322516256230112486e-01 -1.552806677935741231e+00 2.000000000000000000e+00
-1.506815217613759916e+00 -1.920080591086949617e+00 2.000000000000000000e+00
1.549417308622083045e-01 -9.341775895342538938e-01 2.000000000000000000e+00
-3.952242437270229169e-01 -2.548593781696222305e-01 2.000000000000000000e+00
-2.185835669398012548e+00 6.581526312507064436e-01 2.000000000000000000e+00
9.085043730725894662e-02 -7.658431263397873501e-01 2.000000000000000000e+00
-9.971332585326737608e-01 -1.254233412565801231e+00 2.000000000000000000e+00
-1.747377779533395792e+00 -7.748767956059399165e-02 2.000000000000000000e+00
-7.234189790742304726e-01 -1.018225082394306424e+00 2.000000000000000000e+00
-1.782046683079268057e+00 -8.275597979539051074e-01 2.000000000000000000e+00
1.886830638172058094e+00 -5.362457317301274617e-01 2.000000000000000000e+00
-3.799966458815015269e+00 -3.299471470158150677e+00 2.000000000000000000e+00
9.514934764442317672e-03 -2.369921920076707877e+00 2.000000000000000000e+00
-5.898662977261978080e-01 -3.757243193502575185e-01 2.000000000000000000e+00
-1.571668704259510108e-02 9.860750793068584485e-01 2.000000000000000000e+00
-1.558519364948105945e+00 -7.709651262565770935e-01 2.000000000000000000e+00
-1.837856326220479453e+00 -2.289933415675657002e+00 2.000000000000000000e+00
-2.086780470598218251e+00 4.589994667328063382e-01 2.000000000000000000e+00
1.078157204886440290e+00 -1.803987769880018188e+00 2.000000000000000000e+00
1.518730399878946979e-01 -1.163683320233307450e+00 2.000000000000000000e+00
2.804549316971303163e-01 -1.874857973921277399e+00 2.000000000000000000e+00
-5.402093234065470373e-01 -8.457418693905673912e-01 2.000000000000000000e+00
-2.218915020557435724e+00 -1.545905740099785541e+00 2.000000000000000000e+00
-1.683291340018182591e+00 -9.688417967993334656e-01 2.000000000000000000e+00
1.381173375985285112e+00 6.146589501851329462e-01 2.000000000000000000e+00
1.297567596322074301e+00 -3.742765402595878976e-01 2.000000000000000000e+00
4.034075356827531156e-01 -1.962698534819095952e+00 2.000000000000000000e+00
-8.781383157880333634e-01 1.407220974865246443e-01 2.000000000000000000e+00
-4.498939282857282729e-01 -1.626927027388141767e+00 2.000000000000000000e+00
-2.689991273605510935e-01 -7.493756801679318791e-01 2.000000000000000000e+00
-6.925075672337830390e-01 -1.503624682274943503e+00 2.000000000000000000e+00
3.588691995026760395e-04 -1.124274144557582122e+00 2.000000000000000000e+00
-2.032719565947745277e+00 -9.706405554144754699e-01 2.000000000000000000e+00
-1.352983859835232838e-01 3.911561566667784984e-01 2.000000000000000000e+00
6.786311397264119805e-01 -2.720904987492113847e+00 2.000000000000000000e+00
5.555988769759090395e-01 -3.873225086344497248e-01 2.000000000000000000e+00
-2.683201652467785969e-01 4.338782937543610441e-01 2.000000000000000000e+00
1.452329111419896623e+00 -2.851426616355665633e-01 2.000000000000000000e+00
-1.079398298078554141e+00 -1.481296041396744423e+00 2.000000000000000000e+00
-5.963248471454294375e-01 -5.399911034650065611e-01 2.000000000000000000e+00
-1.871985441684867357e+00 8.076529653282531473e-01 2.000000000000000000e+00
1.290752588407308110e+00 -4.673711802023150508e-02 2.000000000000000000e+00
1.819894179910219734e+00 -1.667976829905526426e-02 2.000000000000000000e+00
-1.386112469912726075e+00 -9.508276054824515988e-03 2.000000000000000000e+00
1.990641642826809221e+00 -1.141107743090213456e+00 2.000000000000000000e+00
-2.672842669516557024e+00 6.431088417830244097e-02 2.000000000000000000e+00
-3.294341216643679626e+00 -1.927679169858764752e+00 2.000000000000000000e+00
-3.699124238037886370e-01 -1.323923447931959263e+00 2.000000000000000000e+00
